10001
10026
10075
10130
102
10200
10244
10325
10552
10621
10637
10957
10959
11105
11128
112479
113235
113402
11345
114769
114780
114786
116986
1173
1201
1207
121506
122416
124411
126638
128272
128611
132241
132321
134548
138724
140730
143684
146540
147719
148811
154865
163049
1650
1657
1662
1678
168400
1909
192669
1950
1956
200186
203429
2059
207
2071
2107
220164
221491
222484
2275
22796
22878
22881
22893
23014
23038
2314
23176
23195
23252
23256
23279
23291
23365
2339
23396
23469
23474
23534
23588
23609
25839
25893
25896
26010
26130
26156
26230
26275
2631
2645
2648
27249
27258
27292
27328
27336
27433
2765
284214
285311
285464
285550
2889
29079
3020
30818
30834
3140
3185
3337
3417
342667
3431
3508
3703
3706
3716
374383
375
375190
375791
3792
3797
390530
3937
400627
400926
401103
402117
4023
4134
4245
4342
4713
4771
4836
51010
51111
51305
51520
51560
5283
535
53947
5449
5479
55082
55127
5520
55252
55275
55335
55693
55746
55768
55785
55791
5613
56650
56893
56915
56919
57122
57187
5721
57473
57551
57570
57583
57621
57626
57649
57696
57795
5813
58485
58526
5862
5870
5903
5908
59347
5970
60509
60559
607
6253
6397
63978
64083
64784
64848
65125
65977
6683
6709
6711
6811
6924
6940
7029
7030
727851
7471
7559
7569
7805
7852
786
79102
79774
79848
79861
79879
79902
80258
80306
80818
80853
81615
81790
81876
827
8291
83544
83548
83655
83844
83857
83930
84057
84078
84084
84220
8431
84675
8487
84893
84992
8517
858
8581
8667
8813
8869
89849
8985
9026
90326
9098
91074
9140
91404
9150
91801
920
92293
9282
9364
9375
9443
9570
9612
9631
9681
9730
9743
9745
9853
9868
9972
55144
